-72.6404 16.8528 1.01246 0 0 0
-72.2159 16.5914 0.974059 0 0 0
-71.7908 16.3313 0.933464 0 0 0
-71.3657 16.0717 0.889868 0 0 0
-70.9403 15.8129 0.844092 0 0 0
-70.5149 15.5546 0.79616 0 0 0
-70.0896 15.2962 0.747378 0 0 0
-69.6645 15.0379 0.696895 0 0 0
-69.2394 14.7799 0.64468 0 0 0
-68.8144 14.522 0.591616 0 0 0
-68.3893 14.2641 0.538551 0 0 0
-67.9643 14.0062 0.485061 0 0 0
-67.5393 13.7482 0.431572 0 0 0
-67.1148 13.4903 0.374684 0 0 0
-66.6906 13.2324 0.31525 0 0 0
-66.2668 12.9745 0.253272 0 0 0
-65.8433 12.7165 0.188752 0 0 0
-65.4201 12.4586 0.122962 0 0 0
-64.9969 12.2007 0.0563251 0 0 0
-64.5742 11.9428 -0.0124261 0 0 0
-64.1519 11.6844 -0.0828254 0 0 0
-63.7298 11.4261 -0.154069 0 0 0
-63.3085 11.1669 -0.227334 0 0 0
-62.8885 10.9068 -0.304293 0 0 0
-62.4702 10.6454 -0.386137 0 0 0
-62.7243 10.6454 -0.816729 0 0 0
-62.9789 10.6454 -1.24707 0 0 0
-63.2335 10.6454 -1.6774 0 0 0
-63.4885 10.6454 -2.10749 0 0 0
-63.7426 10.6454 -2.53808 0 0 0
-63.9955 10.6454 -2.96943 0 0 0
-64.2457 10.6454 -3.40229 0 0 0
-64.4921 10.6454 -3.83739 0 0 0
-64.7358 10.6454 -4.27395 0 0 0
-64.9734 10.6454 -4.71389 0 0 0
-64.5651 10.366 -4.78616 0 0 0
-64.1569 10.0866 -4.85844 0 0 0
-63.7482 9.80758 -4.93035 0 0 0
-63.3395 9.52857 -5.00145 0 0 0
-62.9303 9.24956 -5.0705 0 0 0
-62.5208 8.97055 -5.1371 0 0 0
-62.1112 8.69154 -5.20328 0 0 0
-61.7015 8.41253 -5.26865 0 0 0
-61.2917 8.13352 -5.33361 0 0 0
-60.8819 7.85451 -5.39857 0 0 0
-60.8036 7.85451 -4.90473 0 0 0
-60.7253 7.85451 -4.4109 0 0 0
-60.646 7.85451 -3.91722 0 0 0
-60.5648 7.85451 -3.42386 0 0 0
-60.4776 7.85451 -2.93152 0 0 0
-60.3861 7.85451 -2.43998 0 0 0
-60.2915 7.85451 -1.949 0 0 0
-60.1936 7.85451 -1.45869 0 0 0
-60.0902 7.85451 -0.969484 0 0 0
-59.9834 7.85451 -0.481018 0 0 0
-60.389 8.12726 -0.375637 0 0 0
-60.7932 8.40002 -0.264992 0 0 0
-61.1943 8.67277 -0.143477 0 0 0
-61.5932 8.94553 -0.0151612 0 0 0
-61.9895 9.21828 0.121107 0 0 0
-62.3836 9.49104 0.263303 0 0 0
-62.7759 9.76296 0.412373 0 0 0
-63.1671 10.034 0.565556 0 0 0
-63.5575 10.3039 0.722947 0 0 0
-63.9471 10.5732 0.883169 0 0 0
-64.3365 10.8418 1.04516 0 0 0
-64.7253 11.1099 1.20919 0 0 0
-65.1141 11.3776 1.37411 0 0 0
-65.5025 11.6453 1.5398 0 0 0
-65.8909 11.9131 1.7055 0 0 0
-66.2794 12.1808 1.87119 0 0 0
-66.0832 12.1808 2.3311 0 0 0
-66.4713 12.4485 2.49757 0 0 0
-66.2742 12.4485 2.95708 0 0 0
-66.6618 12.7162 3.12471 0 0 0
-66.4633 12.7162 3.58363 0 0 0
-66.2611 12.7162 4.04094 0 0 0
-66.0508 12.7162 4.49455 0 0 0
-65.8341 12.7162 4.94516 0 0 0
-65.6121 12.7162 5.39314 0 0 0
-65.3798 12.7162 5.8359 0 0 0
-65.0095 12.4468 5.63499 0 0 0
-64.771 12.4468 6.07445 0 0 0
-64.4043 12.1774 5.86727 0 0 0
-64.1584 12.1774 6.30262 0 0 0
-63.7935 11.908 6.09215 0 0 0
-63.5437 11.908 6.52526 0 0 0
-63.182 11.6378 6.31035 0 0 0
-62.9266 11.6378 6.74017 0 0 0
-62.5691 11.3663 6.51993 0 0 0
-62.3069 11.3663 6.94561 0 0 0
-61.9548 11.0939 6.71785 0 0 0
-61.6832 11.0939 7.13766 0 0 0
-61.3393 10.8203 6.89922 0 0 0
-61.0544 10.8203 7.31013 0 0 0
-60.7155 10.5459 7.06551 0 0 0
-60.4229 10.5459 7.47093 0 0 0
-60.0866 10.271 7.2231 0 0 0
-59.79 10.271 7.62558 0 0 0
-59.4567 9.99537 7.37473 0 0 0
-59.156 9.99537 7.77422 0 0 0
-58.8265 9.71885 7.5194 0 0 0
-58.5206 9.71885 7.91495 0 0 0
-58.198 9.44192 7.65182 0 0 0
-57.882 9.44192 8.03928 0 0 0
-57.5642 9.16498 7.77039 0 0 0
-57.2412 9.16498 8.1521 0 0 0
-56.9293 8.88722 7.87727 0 0 0
-56.5987 8.88722 8.25245 0 0 0
-56.2901 8.60945 7.9739 0 0 0
-55.9551 8.60945 8.34508 0 0 0
-55.6516 8.33044 8.0622 0 0 0
-55.3107 8.33044 8.42797 0 0 0
-55.018 8.05102 8.13426 0 0 0
-54.6638 8.05102 8.48717 0 0 0
-54.3815 7.77242 8.1827 0 0 0
-54.0149 7.77242 8.52264 0 0 0
-53.7486 7.49799 8.20045 0 0 0
-53.3632 7.49799 8.51894 0 0 0
-53.1044 7.22607 8.18865 0 0 0
-52.7108 7.22607 8.49702 0 0 0
-52.4713 6.9609 8.14731 0 0 0
-52.0588 6.9609 8.42987 0 0 0
-51.8422 6.70127 8.06154 0 0 0
-51.4112 6.70127 8.31499 0 0 0
-51.2236 6.44893 7.92623 0 0 0
-50.7733 6.44893 8.14353 0 0 0
-50.6296 6.21186 7.72743 0 0 0
-50.157 6.21186 7.89068 0 0 0
-50.0421 5.98899 7.45809 0 0 0
-49.5588 5.98899 7.58644 0 0 0
-49.4711 5.77874 7.14135 0 0 0
-48.9805 5.77874 7.23804 0 0 0
-48.481 5.77874 7.25883 0 0 0
-47.9812 5.77874 7.24362 0 0 0
-47.7887 5.94454 7.67426 0 0 0
-47.3322 5.94454 7.47019 0 0 0
-47.1397 6.11034 7.90083 0 0 0
-46.6832 6.11034 7.69676 0 0 0
-46.4907 6.27614 8.1274 0 0 0
-46.0343 6.27614 7.92333 0 0 0
-45.84 6.44194 8.35319 0 0 0
-45.3844 6.44194 8.1473 0 0 0
-45.1901 6.60774 8.57716 0 0 0
-44.7345 6.60774 8.37127 0 0 0
-44.5402 6.77354 8.80113 0 0 0
-44.0846 6.77354 8.59524 0 0 0
-43.8896 6.93981 9.02456 0 0 0
-43.4343 6.93981 8.81776 0 0 0
-43.238 7.10891 9.24538 0 0 0
-42.7836 7.10891 9.03676 0 0 0
-42.582 7.28505 9.45905 0 0 0
-42.1308 7.28505 9.24364 0 0 0
-41.9077 7.47699 9.64783 0 0 0
-41.4699 7.47699 9.40619 0 0 0
-41.2379 7.67216 9.80374 0 0 0
-40.8061 7.67216 9.55166 0 0 0
-40.569 7.86825 9.94583 0 0 0
-40.1405 7.86825 9.68815 0 0 0
-39.8869 8.06984 10.069 0 0 0
-39.4708 8.06984 9.79191 0 0 0
-39.1894 8.28778 10.1431 0 0 0
-38.7992 8.28778 9.83051 0 0 0
-38.4603 8.53186 10.1054 0 0 0
-38.0974 8.77421 10.3496 0 0 0
-38.3766 8.77421 10.7644 0 0 0
-37.9887 9.00109 10.9836 0 0 0
-38.2347 9.00109 11.4189 0 0 0
-37.8345 9.21587 11.6279 0 0 0
-38.066 9.21587 12.0711 0 0 0
-37.6605 9.42294 12.2778 0 0 0
-37.8876 9.42294 12.7233 0 0 0
-37.4822 9.62865 12.9314 0 0 0
-37.7106 9.62865 13.3762 0 0 0
-37.3094 9.83481 13.592 0 0 0
-37.5462 9.83481 14.0323 0 0 0
-37.1474 10.041 14.2525 0 0 0
-37.389 10.041 14.6902 0 0 0
-36.9932 10.2462 14.9165 0 0 0
-37.2414 10.2462 15.3506 0 0 0
-36.8474 10.4501 15.5811 0 0 0
-37.0999 10.4501 16.0127 0 0 0
-36.7091 10.654 16.2487 0 0 0
-36.9676 10.654 16.6767 0 0 0
-36.5854 10.8606 16.9241 0 0 0
-36.857 10.8606 17.3438 0 0 0
-36.4807 11.069 17.5987 0 0 0
-36.1788 11.069 17.2002 0 0 0
-35.8756 11.069 16.8026 0 0 0
-35.5725 11.069 16.405 0 0 0
-35.2693 11.069 16.0073 0 0 0
-34.965 11.069 15.6106 0 0 0
-35.3221 10.8543 15.3344 0 0 0
-35.0162 10.8543 14.9389 0 0 0
-35.3724 10.639 14.6617 0 0 0
-35.0653 10.639 14.2671 0 0 0
-35.4214 10.4238 13.9899 0 0 0
-35.1143 10.4238 13.5953 0 0 0
-35.4704 10.2086 13.3182 0 0 0
-35.1633 10.2086 12.9236 0 0 0
-35.5188 9.99288 12.6458 0 0 0
-35.2109 9.99288 12.2518 0 0 0
-35.5663 9.7772 11.9741 0 0 0
-35.2584 9.7772 11.5801 0 0 0
-35.6138 9.56152 11.3023 0 0 0
-35.3059 9.56152 10.9084 0 0 0
-35.6607 9.34494 10.6305 0 0 0
-36.0147 9.12701 10.3527 0 0 0
-36.3682 8.90773 10.0753 0 0 0
-36.7212 8.6871 9.79828 0 0 0
-37.074 8.46602 9.52141 0 0 0
-37.4268 8.24494 9.24454 0 0 0
-37.7796 8.02386 8.96767 0 0 0
-38.1324 7.80279 8.6908 0 0 0
-38.4852 7.58171 8.41393 0 0 0
-38.838 7.36063 8.13706 0 0 0
-39.1908 7.13955 7.86019 0 0 0
-39.5436 6.91848 7.58333 0 0 0
-39.0666 6.91848 7.43346 0 0 0
-38.5855 6.91848 7.29701 0 0 0
-38.1006 6.91848 7.17505 0 0 0
-37.6111 6.91848 7.07307 0 0 0
-37.1191 6.91848 6.98434 0 0 0
-36.6253 6.91848 6.90596 0 0 0
-36.1298 6.91848 6.83846 0 0 0
-35.6327 6.91848 6.78536 0 0 0
-35.1348 6.91848 6.73872 0 0 0
-34.6366 6.91848 6.69657 0 0 0
-34.1382 6.91848 6.6569 0 0 0
-33.6397 6.91848 6.61774 0 0 0
-33.1412 6.91848 6.58007 0 0 0
-32.6424 6.91848 6.5444 0 0 0
-32.1436 6.91848 6.51072 0 0 0
-31.6445 6.91848 6.47954 0 0 0
-31.1452 6.91848 6.45385 0 0 0
-30.6455 6.91848 6.43565 0 0 0
-30.1457 6.91848 6.42194 0 0 0
-29.6458 6.91848 6.41524 0 0 0
-29.1458 6.91848 6.41554 0 0 0
-28.6459 6.91848 6.42533 0 0 0
-28.1463 6.91848 6.44512 0 0 0
-27.6471 6.91848 6.4734 0 0 0
-27.1482 6.91848 6.50717 0 0 0
-26.6496 6.91848 6.54493 0 0 0
-26.1515 6.91848 6.58768 0 0 0
-25.6537 6.91848 6.6349 0 0 0
-25.1564 6.91848 6.68711 0 0 0
-24.6595 6.91848 6.74279 0 0 0
-24.1632 6.91848 6.80343 0 0 0
-23.6672 6.91848 6.86656 0 0 0
-23.1717 6.91848 6.93316 0 0 0
-22.6767 6.91848 7.00372 0 0 0
-22.1822 6.91848 7.07774 0 0 0
-21.6877 6.91848 7.15176 0 0 0
-21.1933 6.91848 7.22628 0 0 0
-20.6991 6.91848 7.30228 0 0 0
-20.2053 6.91848 7.38075 0 0 0
-19.7116 6.91848 7.45972 0 0 0
-19.2178 6.91848 7.53868 0 0 0
-18.7241 6.91848 7.61765 0 0 0
-18.2304 6.91848 7.69661 0 0 0
-17.7367 6.91848 7.77557 0 0 0
-17.243 6.91848 7.85454 0 0 0
-16.7492 6.91848 7.9335 0 0 0
-16.2554 6.91848 8.01197 0 0 0
-15.7612 6.91848 8.08797 0 0 0
-15.2663 6.91848 8.15903 0 0 0
-14.7714 6.91848 8.23008 0 0 0
-14.2765 6.91848 8.30114 0 0 0
-13.7815 6.91848 8.37219 0 0 0
-13.2865 6.91848 8.44275 0 0 0
-12.7913 6.91848 8.51183 0 0 0
-12.2956 6.91848 8.57694 0 0 0
-11.7995 6.91848 8.63907 0 0 0
-11.303 6.91848 8.69823 0 0 0
-10.8063 6.91848 8.7554 0 0 0
-10.3094 6.91848 8.81108 0 0 0
-9.81231 6.91848 8.86527 0 0 0
-9.31525 6.91848 8.91946 0 0 0
-8.81814 6.91848 8.97315 0 0 0
-8.32082 6.91848 9.02486 0 0 0
-7.8232 6.91848 9.07358 0 0 0
-7.32495 6.91848 9.11532 0 0 0
-6.82626 6.91848 9.15159 0 0 0
-6.32709 6.91848 9.18037 0 0 0
-5.82749 6.91848 9.20016 0 0 0
-5.32757 6.91848 9.20945 0 0 0
-4.82759 6.91848 9.20575 0 0 0
-4.32772 6.91848 9.19405 0 0 0
-3.82831 6.91848 9.16985 0 0 0
-3.32941 6.91848 9.13667 0 0 0
-2.83103 6.91848 9.09651 0 0 0
-2.87358 6.80741 8.61087 0 0 0
-2.37549 6.80741 8.56722 0 0 0
-2.42146 6.69683 8.08177 0 0 0
-1.92369 6.69683 8.03464 0 0 0
-1.97452 6.58674 7.54956 0 0 0
-1.47724 6.58674 7.49745 0 0 0
-1.53146 6.47665 7.01275 0 0 0
-1.03456 6.47665 6.95716 0 0 0
-1.0951 6.36705 6.47309 0 0 0
-0.598962 6.36705 6.41105 0 0 0
-0.671128 6.25842 5.92835 0 0 0
-0.176624 6.25842 5.85442 0 0 0
-0.26187 6.15175 5.37343 0 0 0
0.230458 6.15175 5.28618 0 0 0
0.132131 6.04801 4.80704 0 0 0
0.621924 6.04801 4.70653 0 0 0
0.502419 5.94818 4.23139 0 0 0
0.987316 5.94818 4.10943 0 0 0
0.852036 5.8513 3.63793 0 0 0
1.33265 5.8513 3.50004 0 0 0
1.18507 5.75589 3.03194 0 0 0
1.66193 5.75589 2.8816 0 0 0
1.50633 5.66195 2.4158 0 0 0
1.98056 5.66195 2.25738 0 0 0
1.81845 5.56801 1.79381 0 0 0
2.29043 5.56801 1.62876 0 0 0
2.12832 5.47407 1.16519 0 0 0
2.60029 5.47407 1.00014 0 0 0
2.43725 5.38013 0.5369 0 0 0
2.9089 5.38013 0.370907 0 0 0
2.74447 5.2862 -0.0918452 0 0 0
3.21561 5.2862 -0.259252 0 0 0
3.04522 5.19177 -0.719739 0 0 0
3.51414 5.19177 -0.893257 0 0 0
3.33778 5.09734 -1.35149 0 0 0
3.80441 5.09734 -1.53109 0 0 0
4.26829 5.09734 -1.71767 0 0 0
4.72874 5.09734 -1.91256 0 0 0
5.18642 5.09734 -2.11389 0 0 0
5.63807 5.09734 -2.3284 0 0 0
6.08444 5.09734 -2.55368 0 0 0
6.52071 5.09734 -2.79795 0 0 0
6.95049 5.09734 -3.05348 0 0 0
7.37507 5.09734 -3.31755 0 0 0
7.78959 5.09734 -3.59714 0 0 0
8.1923 5.09734 -3.89349 0 0 0
8.58033 5.09734 -4.20882 0 0 0
8.961 5.09734 -4.53299 0 0 0
9.33644 5.09734 -4.86321 0 0 0
9.70486 5.09734 -5.20125 0 0 0
10.0658 5.09734 -5.5473 0 0 0
10.4147 5.09734 -5.90542 0 0 0
10.7571 5.09734 -6.26977 0 0 0
11.094 5.09734 -6.63921 0 0 0
11.428 5.09734 -7.01133 0 0 0
11.7578 5.09734 -7.38711 0 0 0
12.0778 5.09734 -7.77133 0 0 0
12.39 5.09734 -8.16187 0 0 0
12.6955 5.09734 -8.55767 0 0 0
12.9886 5.09734 -8.96274 0 0 0
13.2703 5.09734 -9.37587 0 0 0
13.5369 5.09734 -9.79886 0 0 0
13.7837 5.09734 -10.2337 0 0 0
14.0148 5.09734 -10.6771 0 0 0
13.9177 5.08734 -11.1675 0 0 0
13.8207 5.07584 -11.6578 0 0 0
13.7236 5.06234 -12.1481 0 0 0
13.6266 5.04784 -12.6384 0 0 0
13.5296 5.03334 -13.1287 0 0 0
13.4325 5.01885 -13.619 0 0 0
13.3355 5.00435 -14.1092 0 0 0
13.2379 4.98885 -14.5994 0 0 0
13.1394 4.97285 -15.0893 0 0 0
13.04 4.95686 -15.5791 0 0 0
12.9395 4.94086 -16.0686 0 0 0
12.839 4.92486 -16.5581 0 0 0
12.7386 4.90886 -17.0477 0 0 0
12.6366 4.89387 -17.537 0 0 0
12.5337 4.87887 -18.026 0 0 0
12.4308 4.86387 -18.5151 0 0 0
12.3279 4.84887 -19.0041 0 0 0
12.225 4.83387 -19.4932 0 0 0
12.1221 4.81888 -19.9823 0 0 0
12.0191 4.80388 -20.4713 0 0 0
11.9162 4.78888 -20.9604 0 0 0
11.8133 4.77388 -21.4495 0 0 0
11.7094 4.75988 -21.9384 0 0 0
11.604 4.74639 -22.4269 0 0 0
11.4972 4.73339 -22.9152 0 0 0
11.3894 4.72089 -23.4033 0 0 0
11.2816 4.70839 -23.8914 0 0 0
11.1738 4.69589 -24.3794 0 0 0
11.0659 4.68339 -24.8675 0 0 0
10.9567 4.67189 -25.3553 0 0 0
10.8474 4.66039 -25.8431 0 0 0
10.7381 4.6489 -26.3309 0 0 0
10.6278 4.6374 -26.8184 0 0 0
10.5166 4.6259 -27.3057 0 0 0
10.4039 4.6144 -27.7927 0 0 0
10.2912 4.6029 -28.2797 0 0 0
10.1785 4.5914 -28.7667 0 0 0
10.0658 4.5799 -29.2537 0 0 0
9.95311 4.5684 -29.7407 0 0 0
9.84041 4.5569 -30.2277 0 0 0
9.72772 4.54541 -30.7147 0 0 0
9.61356 4.53391 -31.2014 0 0 0
9.49892 4.52191 -31.6879 0 0 0
9.38185 4.50941 -32.1739 0 0 0
9.26381 4.49691 -32.6596 0 0 0
9.14044 4.48341 -33.1439 0 0 0
9.01177 4.46741 -33.6268 0 0 0
8.88069 4.45092 -34.109 0 0 0
8.74577 4.43292 -34.5902 0 0 0
8.60321 4.41093 -35.0689 0 0 0
8.44592 4.38644 -35.5429 0 0 0
8.28249 4.36195 -36.0148 0 0 0
8.11622 4.33746 -36.4857 0 0 0
7.94855 4.31297 -36.9561 0 0 0
7.77994 4.28798 -37.4262 0 0 0
7.60713 4.26149 -37.8946 0 0 0
7.4269 4.23301 -38.3601 0 0 0
7.23003 4.20402 -38.8188 0 0 0
7.02225 4.17354 -39.2726 0 0 0
6.80544 4.14306 -39.7221 0 0 0
6.57926 4.11158 -40.1669 0 0 0
6.3469 4.0796 -40.6085 0 0 0
6.09891 4.04413 -41.0412 0 0 0
5.84202 4.00517 -41.4684 0 0 0
5.57593 3.96322 -41.8896 0 0 0
5.29958 3.91729 -42.3038 0 0 0
5.44809 3.84801 -42.7761 0 0 0
5.59659 3.77873 -43.2485 0 0 0
5.7451 3.70946 -43.7209 0 0 0
5.89361 3.64018 -44.1933 0 0 0
6.04211 3.5709 -44.6657 0 0 0
6.19062 3.50163 -45.1381 0 0 0
6.33913 3.43235 -45.6105 0 0 0
6.48763 3.36308 -46.0828 0 0 0
6.63614 3.2938 -46.5552 0 0 0
6.78464 3.22452 -47.0276 0 0 0
6.93315 3.15525 -47.5 0 0 0
7.40515 3.09142 -47.3479 0 0 0
7.87557 3.02859 -47.1905 0 0 0
8.34236 2.96823 -47.0218 0 0 0
8.80749 2.90987 -46.8479 0 0 0
9.27077 2.85399 -46.6683 0 0 0
9.73325 2.7991 -46.4864 0 0 0
10.1946 2.7462 -46.3011 0 0 0
10.6553 2.69379 -46.114 0 0 0
11.116 2.64139 -45.9269 0 0 0
11.5767 2.58898 -45.7398 0 0 0
12.0374 2.53658 -45.5527 0 0 0
12.4981 2.48418 -45.3656 0 0 0
12.9588 2.43177 -45.1785 0 0 0
13.4195 2.37937 -44.9914 0 0 0
13.8802 2.32697 -44.8043 0 0 0
14.3408 2.27506 -44.6167 0 0 0
14.8013 2.22315 -44.4291 0 0 0
15.2622 2.17025 -44.2424 0 0 0
14.7934 2.33841 -44.2865 0 0 0
14.327 2.51501 -44.3224 0 0 0
13.8624 2.69815 -44.3479 0 0 0
13.3983 2.88315 -44.3669 0 0 0
12.9349 3.07046 -44.3783 0 0 0
12.473 3.26194 -44.3847 0 0 0
12.0129 3.45757 -44.386 0 0 0
11.5542 3.65642 -44.3799 0 0 0
11.0957 3.85572 -44.3689 0 0 0
10.6377 4.05503 -44.3477 0 0 0
10.181 4.25662 -44.3192 0 0 0
9.7257 4.4605 -44.2854 0 0 0
9.76277 4.4605 -43.7868 0 0 0
9.30924 4.66621 -43.7421 0 0 0
9.35826 4.66621 -43.2445 0 0 0
8.90582 4.87191 -43.1898 0 0 0
8.96578 4.87191 -42.6934 0 0 0
8.51589 5.07762 -42.6208 0 0 0
8.59565 5.07762 -42.1272 0 0 0
8.14908 5.2856 -42.0416 0 0 0
8.24311 5.2856 -41.5506 0 0 0
7.80123 5.49676 -41.4498 0 0 0
7.9124 5.49676 -40.9623 0 0 0
7.47261 5.70837 -40.8537 0 0 0
7.59253 5.70837 -40.3683 0 0 0
7.15535 5.91998 -40.2495 0 0 0
7.28641 5.91998 -39.767 0 0 0
6.85081 6.13159 -39.6426 0 0 0
6.98813 6.13159 -39.1618 0 0 0
7.12976 6.13159 -38.6823 0 0 0
7.27427 6.13159 -38.2036 0 0 0
7.42165 6.13159 -37.7258 0 0 0
7.57856 6.13159 -37.2511 0 0 0
7.74351 6.13159 -36.7791 0 0 0
7.9174 6.13159 -36.3103 0 0 0
8.0983 6.13159 -35.8442 0 0 0
8.28571 6.13159 -35.3806 0 0 0
8.48282 6.13159 -34.9211 0 0 0
8.89904 5.93137 -35.1126 0 0 0
9.10802 5.93137 -34.6584 0 0 0
9.52006 5.73897 -34.8662 0 0 0
9.74526 5.73897 -34.4198 0 0 0
10.154 5.54841 -34.6358 0 0 0
10.3876 5.54841 -34.1938 0 0 0
10.7932 5.3597 -34.4171 0 0 0
11.0343 5.3597 -33.979 0 0 0
11.4359 5.17378 -34.2118 0 0 0
11.6866 5.17378 -33.7791 0 0 0
12.0846 4.99204 -34.0211 0 0 0
12.3444 4.99204 -33.5939 0 0 0
12.734 4.81684 -33.8537 0 0 0
13.0114 4.81684 -33.4377 0 0 0
13.3937 4.64304 -33.7091 0 0 0
13.7698 4.47066 -33.9898 0 0 0
14.1431 4.30015 -34.2755 0 0 0
14.5123 4.13482 -34.5693 0 0 0
14.8789 3.9728 -34.8683 0 0 0
15.2454 3.81077 -35.1673 0 0 0
15.6113 3.6497 -35.4675 0 0 0
15.9762 3.4891 -35.7694 0 0 0
16.3361 3.33087 -36.0783 0 0 0
16.6896 3.17548 -36.396 0 0 0
16.9046 3.18148 -36.8473 0 0 0
17.1196 3.18748 -37.2987 0 0 0
17.3346 3.19348 -37.75 0 0 0
17.5497 3.19948 -38.2014 0 0 0
17.7647 3.20548 -38.6528 0 0 0
17.9797 3.21148 -39.1041 0 0 0
18.1948 3.21748 -39.5555 0 0 0
18.4098 3.22348 -40.0068 0 0 0
18.6248 3.22948 -40.4582 0 0 0
18.8398 3.23548 -40.9095 0 0 0
19.0549 3.24148 -41.3609 0 0 0
19.2699 3.24748 -41.8123 0 0 0
19.4849 3.25348 -42.2636 0 0 0
19.7 3.25948 -42.715 0 0 0
19.915 3.26548 -43.1663 0 0 0
20.13 3.27148 -43.6177 0 0 0
20.345 3.27748 -44.0691 0 0 0
20.5601 3.28348 -44.5204 0 0 0
20.7751 3.28948 -44.9718 0 0 0
20.9901 3.29548 -45.4231 0 0 0
21.2034 3.30148 -45.8754 0 0 0
21.4111 3.30248 -46.3301 0 0 0
21.6126 3.29898 -46.7878 0 0 0
22.0702 3.29898 -46.5864 0 0 0
22.2638 3.29198 -47.0473 0 0 0
22.7248 3.29198 -46.8537 0 0 0
22.9105 3.28198 -47.3178 0 0 0
23.3747 3.28198 -47.1321 0 0 0
23.551 3.26898 -47.5998 0 0 0
24.0189 3.26898 -47.4234 0 0 0
24.1754 3.25048 -47.8979 0 0 0
24.6502 3.25048 -47.7413 0 0 0
24.789 3.22849 -48.2211 0 0 0
25.2694 3.22849 -48.0822 0 0 0
25.3849 3.20051 -48.5678 0 0 0
25.8713 3.20051 -48.4521 0 0 0
25.9742 3.17002 -48.9404 0 0 0
26.4635 3.17002 -48.8374 0 0 0
26.5462 3.13605 -49.3293 0 0 0
26.619 3.10108 -49.8228 0 0 0
26.679 3.06411 -50.3178 0 0 0
26.7321 3.02615 -50.8135 0 0 0
26.7801 2.98719 -51.3097 0 0 0
26.8222 2.94723 -51.8063 0 0 0
26.8614 2.90678 -52.3031 0 0 0
26.8945 2.86582 -52.8003 0 0 0
26.9232 2.82437 -53.2978 0 0 0
26.9464 2.78092 -53.7953 0 0 0
26.9591 2.73499 -54.2931 0 0 0
26.9629 2.68756 -54.7908 0 0 0
26.9558 2.63814 -55.2883 0 0 0
26.9377 2.58574 -55.7852 0 0 0
26.9087 2.52886 -56.2811 0 0 0
26.8767 2.47 -56.7766 0 0 0
26.9444 2.54521 -56.287 0 0 0
27.0234 2.62043 -55.799 0 0 0
27.1174 2.69465 -55.3136 0 0 0
27.2212 2.76887 -54.8301 0 0 0
27.3571 2.8431 -54.3547 0 0 0
27.8378 2.8431 -54.4921 0 0 0
27.9974 2.91633 -54.0239 0 0 0
28.4706 2.91633 -54.1852 0 0 0
28.6783 2.98363 -53.7353 0 0 0
29.1322 2.98363 -53.9449 0 0 0
29.3654 3.04746 -53.5072 0 0 0
29.8067 3.04746 -53.7422 0 0 0
30.0692 3.10781 -53.321 0 0 0
30.4935 3.10781 -53.5855 0 0 0
30.7703 3.16766 -53.1734 0 0 0
31.1854 3.16766 -53.4522 0 0 0
31.4792 3.22752 -53.0521 0 0 0
31.8822 3.22752 -53.348 0 0 0
32.1902 3.28738 -52.9587 0 0 0
32.5823 3.28738 -53.269 0 0 0
32.9065 3.34574 -52.8929 0 0 0
33.2853 3.34574 -53.2193 0 0 0
33.6258 3.40262 -52.8577 0 0 0
33.9898 3.40262 -53.2005 0 0 0
34.3376 3.459 -52.8457 0 0 0
34.6947 3.459 -53.1957 0 0 0
35.0482 3.51439 -52.8464 0 0 0
35.3996 3.51439 -53.2021 0 0 0
35.7583 3.56977 -52.8582 0 0 0
36.1043 3.56977 -53.2191 0 0 0
36.4708 3.62516 -52.8835 0 0 0
36.8085 3.62516 -53.2523 0 0 0
37.1783 3.68054 -52.9204 0 0 0
37.5122 3.68054 -53.2925 0 0 0
37.8834 3.73593 -52.9621 0 0 0
38.2159 3.73593 -53.3355 0 0 0
38.5883 3.79132 -53.0066 0 0 0
38.9193 3.79132 -53.3814 0 0 0
39.2934 3.8467 -53.0543 0 0 0
39.6225 3.8467 -53.4308 0 0 0
39.9992 3.90209 -53.1067 0 0 0
40.3253 3.90209 -53.4858 0 0 0
40.7094 3.95747 -53.1705 0 0 0
41.0266 3.95747 -53.5569 0 0 0
41.4157 4.01286 -53.2478 0 0 0
41.7267 4.01286 -53.6393 0 0 0
42.1217 4.06676 -53.3375 0 0 0
42.4253 4.06676 -53.7348 0 0 0
42.8265 4.12065 -53.4414 0 0 0
43.1217 4.12065 -53.845 0 0 0
43.5304 4.17455 -53.5621 0 0 0
43.815 4.17455 -53.9733 0 0 0
44.231 4.22794 -53.7011 0 0 0
44.5047 4.22794 -54.1195 0 0 0
44.9331 4.27786 -53.8665 0 0 0
45.1873 4.27786 -54.2971 0 0 0
45.6214 4.32579 -54.0535 0 0 0
45.8661 4.32579 -54.4895 0 0 0
46.305 4.37172 -54.2546 0 0 0
46.541 4.37172 -54.6954 0 0 0
46.983 4.41716 -54.4662 0 0 0
47.2132 4.41716 -54.9101 0 0 0
47.6588 4.46309 -54.688 0 0 0
47.8818 4.46309 -55.1355 0 0 0
48.3353 4.50953 -54.93 0 0 0
48.5416 4.50953 -55.3855 0 0 0
49.008 4.55198 -55.2103 0 0 0
49.1838 4.55198 -55.6783 0 0 0
49.6539 4.59243 -55.5129 0 0 0
49.8199 4.59243 -55.9845 0 0 0
50.2997 4.6299 -55.8489 0 0 0
50.4357 4.6299 -56.3301 0 0 0
50.9201 4.66636 -56.2119 0 0 0
51.0387 4.66636 -56.6976 0 0 0
51.5338 4.70183 -56.6372 0 0 0
51.5943 4.70183 -57.1335 0 0 0
52.0925 4.73481 -57.1064 0 0 0
52.1197 4.73481 -57.6057 0 0 0
52.6189 4.7623 -57.609 0 0 0
52.6156 4.7623 -58.109 0 0 0
52.6073 4.7623 -58.6089 0 0 0
52.599 4.7623 -59.1088 0 0 0
52.5882 4.7623 -59.6087 0 0 0
52.5724 4.7623 -60.1085 0 0 0
52.5551 4.7623 -60.6082 0 0 0
52.5293 4.7623 -61.1075 0 0 0
52.4925 4.7623 -61.6061 0 0 0
52.4338 4.7623 -62.1027 0 0 0
52.3628 4.7623 -62.5976 0 0 0
51.8697 4.73881 -62.5182 0 0 0
51.7902 4.73881 -63.0119 0 0 0
51.2986 4.71781 -62.9231 0 0 0
51.2098 4.71781 -63.4152 0 0 0
50.719 4.69832 -63.3215 0 0 0
50.6252 4.69832 -63.8126 0 0 0
50.1358 4.67982 -63.7121 0 0 0
50.0352 4.67982 -64.2018 0 0 0
49.5469 4.66183 -64.0959 0 0 0
49.4409 4.66183 -64.5845 0 0 0
48.9537 4.64483 -64.4733 0 0 0
48.8424 4.64483 -64.9607 0 0 0
48.3554 4.62833 -64.8484 0 0 0
48.2431 4.62833 -65.3356 0 0 0
47.7561 4.61183 -65.2234 0 0 0
47.6438 4.61183 -65.7106 0 0 0
47.1568 4.59534 -65.5983 0 0 0
47.0445 4.59534 -66.0855 0 0 0
46.5575 4.57884 -65.9732 0 0 0
46.4452 4.57884 -66.4604 0 0 0
45.9587 4.56284 -66.3462 0 0 0
45.8444 4.56284 -66.833 0 0 0
45.358 4.54684 -66.7183 0 0 0
45.2432 4.54684 -67.2049 0 0 0
44.7568 4.53085 -67.0902 0 0 0
44.6421 4.53085 -67.5769 0 0 0
44.1557 4.51485 -67.4621 0 0 0
44.0409 4.51485 -67.9488 0 0 0
43.5552 4.49885 -67.8312 0 0 0
43.4375 4.49885 -68.3171 0 0 0
42.9531 4.48286 -68.1941 0 0 0
42.8301 4.48286 -68.6788 0 0 0
42.3477 4.46686 -68.5481 0 0 0
42.217 4.46686 -69.0307 0 0 0
41.7364 4.45086 -68.8937 0 0 0
41.5993 4.45086 -69.3746 0 0 0
41.1207 4.43536 -69.2309 0 0 0
40.9769 4.43536 -69.7098 0 0 0
40.4999 4.41987 -69.5608 0 0 0
40.3509 4.41987 -70.0381 0 0 0
39.8783 4.40187 -69.8759 0 0 0
39.7159 4.40187 -70.3488 0 0 0
39.2475 4.38088 -70.1754 0 0 0
39.0738 4.38088 -70.6443 0 0 0
38.6094 4.35788 -70.4606 0 0 0
38.1477 4.33489 -70.2699 0 0 0
37.6861 4.3119 -70.0793 0 0 0
37.2244 4.28891 -69.8887 0 0 0
36.7627 4.26591 -69.698 0 0 0
36.3011 4.24292 -69.5074 0 0 0
35.8394 4.21993 -69.3168 0 0 0
35.3778 4.19694 -69.1261 0 0 0
34.9163 4.17395 -68.935 0 0 0
34.4553 4.14946 -68.743 0 0 0
33.9944 4.12147 -68.5511 0 0 0
33.5336 4.09299 -68.3592 0 0 0
33.0728 4.0645 -68.1673 0 0 0
32.612 4.03602 -67.9754 0 0 0
32.1511 4.00753 -67.7835 0 0 0
31.6904 3.97705 -67.5916 0 0 0
31.2315 3.94507 -67.3956 0 0 0
30.7743 3.9126 -67.196 0 0 0
30.3222 3.87912 -66.985 0 0 0
29.8843 3.84565 -66.746 0 0 0
30.1238 3.84565 -66.3072 0 0 0
29.7004 3.81367 -66.0431 0 0 0
29.965 3.81367 -65.6189 0 0 0
30.2582 3.81367 -65.2139 0 0 0
30.587 3.81367 -64.8372 0 0 0
30.948 3.81367 -64.4912 0 0 0
31.3313 3.81367 -64.1702 0 0 0
31.75 3.81367 -63.8969 0 0 0
32.1895 3.81367 -63.6584 0 0 0
32.6412 3.81367 -63.444 0 0 0
33.0987 3.81367 -63.2423 0 0 0
33.5735 3.81367 -63.0854 0 0 0
34.0598 3.81367 -62.9694 0 0 0
33.9588 3.77022 -62.4817 0 0 0
34.4484 3.77022 -62.3803 0 0 0
34.34 3.73276 -61.8936 0 0 0
34.8281 3.73276 -61.7849 0 0 0
34.7133 3.69729 -61.2995 0 0 0
35.1999 3.69729 -61.1845 0 0 0
35.0851 3.66182 -60.6991 0 0 0
35.5717 3.66182 -60.5841 0 0 0
35.4569 3.62635 -60.0987 0 0 0
35.9435 3.62635 -59.9837 0 0 0
35.8288 3.59088 -59.4983 0 0 0
36.3153 3.59088 -59.3833 0 0 0
36.2006 3.55541 -58.8979 0 0 0
36.6872 3.55541 -58.7829 0 0 0
36.5724 3.51994 -58.2975 0 0 0
37.059 3.51994 -58.1825 0 0 0
36.9442 3.48447 -57.6971 0 0 0
36.8295 3.449 -57.2117 0 0 0
36.7147 3.41353 -56.7264 0 0 0
36.5999 3.37806 -56.241 0 0 0
36.4852 3.34259 -55.7557 0 0 0
36.3704 3.30712 -55.2703 0 0 0
36.2557 3.27165 -54.785 0 0 0
36.1409 3.23617 -54.2996 0 0 0
36.0261 3.2007 -53.8143 0 0 0
35.9089 3.16573 -53.3294 0 0 0
35.7898 3.13076 -52.8451 0 0 0
35.6693 3.0933 -52.3613 0 0 0
35.5487 3.05533 -51.8775 0 0 0
35.4263 3.01438 -51.3945 0 0 0
35.3045 2.97044 -50.9116 0 0 0
35.1899 2.924 -50.4271 0 0 0
35.0856 2.87608 -49.9404 0 0 0
34.9837 2.82815 -49.4533 0 0 0
34.8852 2.78022 -48.9654 0 0 0
34.3951 2.78022 -49.0644 0 0 0
34.3078 2.73479 -48.5741 0 0 0
33.8156 2.73479 -48.6618 0 0 0
33.7499 2.69533 -48.1677 0 0 0
33.2542 2.69533 -48.2336 0 0 0
33.2108 2.66036 -47.7367 0 0 0
32.7127 2.66036 -47.7802 0 0 0
32.7261 2.63786 -47.2809 0 0 0
32.2263 2.63786 -47.2675 0 0 0
32.2746 2.62387 -46.7701 0 0 0
31.7769 2.62387 -46.7217 0 0 0
31.8585 2.61737 -46.2285 0 0 0
31.3652 2.61737 -46.1469 0 0 0
31.4624 2.61237 -45.6565 0 0 0
30.972 2.61237 -45.5592 0 0 0
31.08 2.60837 -45.071 0 0 0
30.5918 2.60837 -44.963 0 0 0
30.7096 2.60487 -44.4771 0 0 0
30.2237 2.60487 -44.3593 0 0 0
30.3575 2.60187 -43.8775 0 0 0
29.8757 2.60187 -43.7438 0 0 0
30.0214 2.59937 -43.2655 0 0 0
29.5432 2.59937 -43.1197 0 0 0
29.7051 2.59837 -42.6467 0 0 0
29.232 2.59837 -42.4847 0 0 0
29.4193 2.59987 -42.0211 0 0 0
28.9557 2.59987 -41.8339 0 0 0
29.1604 2.60387 -41.3777 0 0 0
28.7042 2.60387 -41.173 0 0 0
28.9243 2.60937 -40.7241 0 0 0
28.4753 2.60937 -40.504 0 0 0
28.7008 2.61487 -40.0578 0 0 0
28.2545 2.61487 -39.8323 0 0 0
28.4857 2.62037 -39.389 0 0 0
28.0424 2.62037 -39.1578 0 0 0
28.279 2.62586 -38.7173 0 0 0
27.8385 2.62586 -38.4807 0 0 0
28.0798 2.63136 -38.0429 0 0 0
27.642 2.63136 -37.8015 0 0 0
27.889 2.63686 -37.3668 0 0 0
27.4543 2.63686 -37.1198 0 0 0
27.7126 2.64236 -36.6917 0 0 0
27.2844 2.64236 -36.4334 0 0 0
27.5516 2.64836 -36.0108 0 0 0
27.129 2.64836 -35.7436 0 0 0
27.4058 2.65636 -35.3273 0 0 0
26.9895 2.65636 -35.0504 0 0 0
27.279 2.66736 -34.643 0 0 0
26.8715 2.66736 -34.3533 0 0 0
27.1671 2.67986 -33.9503 0 0 0
26.7639 2.67986 -33.6546 0 0 0
27.0655 2.69286 -33.256 0 0 0
26.6668 2.69286 -32.9543 0 0 0
26.9767 2.70586 -32.5621 0 0 0
26.5844 2.70586 -32.2521 0 0 0
26.8971 2.71886 -31.8621 0 0 0
26.507 2.71886 -31.5494 0 0 0
26.8263 2.73186 -31.1648 0 0 0
26.4415 2.73186 -30.8454 0 0 0
26.7646 2.74485 -30.464 0 0 0
26.3831 2.74485 -30.1409 0 0 0
26.7175 2.75785 -29.7693 0 0 0
26.3458 2.75785 -29.4349 0 0 0
26.6857 2.77085 -29.0684 0 0 0
26.3191 2.77085 -28.7284 0 0 0
26.6623 2.78385 -28.365 0 0 0
26.2988 2.78385 -28.0217 0 0 0
26.6449 2.79685 -27.661 0 0 0
26.2841 2.79685 -27.3148 0 0 0
26.6313 2.80985 -26.9552 0 0 0
26.2716 2.80985 -26.608 0 0 0
26.6195 2.82285 -26.2491 0 0 0
26.2604 2.82285 -25.9011 0 0 0
26.6126 2.83584 -25.5464 0 0 0
26.2578 2.83584 -25.1941 0 0 0
26.6117 2.84884 -24.8412 0 0 0
26.2587 2.84884 -24.4871 0 0 0
26.6151 2.86134 -24.1366 0 0 0
26.2645 2.86134 -23.7801 0 0 0
26.6227 2.87334 -23.4314 0 0 0
26.2739 2.87334 -23.0732 0 0 0
26.6352 2.88384 -22.7277 0 0 0
26.2897 2.88384 -22.3663 0 0 0
26.6582 2.89284 -22.0285 0 0 0
26.3203 2.89284 -21.6599 0 0 0
26.6932 2.90084 -21.3269 0 0 0
26.3601 2.90084 -20.954 0 0 0
26.7399 2.90834 -20.6289 0 0 0
26.4148 2.90834 -20.2491 0 0 0
26.7978 2.91534 -19.9277 0 0 0
26.4765 2.91534 -19.5447 0 0 0
26.8646 2.92184 -19.2295 0 0 0
26.5494 2.92184 -18.8414 0 0 0
26.9419 2.92734 -18.5317 0 0 0
26.6322 2.92734 -18.1392 0 0 0
27.0294 2.93184 -17.8354 0 0 0
26.7256 2.93184 -17.4383 0 0 0
27.1308 2.93534 -17.1453 0 0 0
26.8378 2.93534 -16.7401 0 0 0
27.2496 2.93684 -16.4566 0 0 0
26.9661 2.93684 -16.0447 0 0 0
27.3838 2.93584 -15.7699 0 0 0
27.1089 2.93584 -15.3522 0 0 0
27.5331 2.92984 -15.0875 0 0 0
27.2683 2.92984 -14.6633 0 0 0
27.7028 2.91484 -14.4163 0 0 0
27.4557 2.91484 -13.9817 0 0 0
27.9045 2.89035 -13.7627 0 0 0
27.6852 2.89035 -13.3133 0 0 0
28.1458 2.85887 -13.1213 0 0 0
27.9534 2.85887 -12.6598 0 0 0
28.4196 2.8254 -12.4822 0 0 0
28.2416 2.8254 -12.0149 0 0 0
28.716 2.78644 -11.8619 0 0 0
28.5625 2.78644 -11.3861 0 0 0
29.0431 2.741 -11.2557 0 0 0
28.9121 2.741 -10.7731 0 0 0
28.829 2.741 -10.2801 0 0 0
28.7712 2.741 -9.78343 0 0 0
28.7292 2.741 -9.28519 0 0 0
28.7137 2.741 -8.78543 0 0 0
28.7263 2.741 -8.28559 0 0 0
28.2383 2.84278 -8.24646 0 0 0
28.2783 2.84278 -7.74806 0 0 0
27.7961 2.96018 -7.68697 0 0 0
27.8589 2.96018 -7.19094 0 0 0
27.385 3.09354 -7.10371 0 0 0
27.4755 3.09354 -6.61197 0 0 0
27.0095 3.23556 -6.4994 0 0 0
27.1269 3.23556 -6.01338 0 0 0
26.6719 3.38666 -5.87161 0 0 0
26.8206 3.38666 -5.39424 0 0 0
26.3774 3.54489 -5.22537 0 0 0
25.9501 3.71634 -5.03042 0 0 0
25.5388 3.90227 -4.81526 0 0 0
25.307 3.90227 -5.25829 0 0 0
24.9026 4.09375 -5.03522 0 0 0
24.6611 4.09375 -5.47305 0 0 0
24.2711 4.29488 -5.23338 0 0 0
24.0093 4.29488 -5.65938 0 0 0
23.6316 4.50195 -5.40541 0 0 0
23.3526 4.50195 -5.82032 0 0 0
22.9867 4.71447 -5.55404 0 0 0
22.6925 4.71447 -5.95834 0 0 0
22.338 4.9315 -5.68039 0 0 0
22.0295 4.9315 -6.07384 0 0 0
21.6841 5.15168 -5.78705 0 0 0
21.3647 5.15168 -6.17171 0 0 0
21.0269 5.375 -5.87841 0 0 0
20.6991 5.375 -6.25595 0 0 0
20.3699 5.60144 -5.95535 0 0 0
20.0328 5.60144 -6.32458 0 0 0
19.7251 5.83499 -6.00712 0 0 0
19.4246 6.06986 -5.68379 0 0 0
19.1272 6.30518 -5.35793 0 0 0
18.8344 6.54137 -5.02859 0 0 0
18.5455 6.77845 -4.69641 0 0 0
18.2578 7.01596 -4.36354 0 0 0
17.9707 7.25348 -4.0301 0 0 0
17.6836 7.49099 -3.69665 0 0 0
17.3966 7.72851 -3.36321 0 0 0
17.1095 7.96603 -3.02976 0 0 0
16.8225 8.20354 -2.69632 0 0 0
16.5354 8.44106 -2.36287 0 0 0
16.2484 8.67857 -2.02943 0 0 0
15.9613 8.91609 -1.69598 0 0 0
15.6743 9.1536 -1.36254 0 0 0
15.3887 9.39156 -1.02813 0 0 0
15.1038 9.62952 -0.693152 0 0 0
14.8189 9.86747 -0.358172 0 0 0
14.5343 10.1054 -0.0229081 0 0 0
14.2508 10.3434 0.313208 0 0 0
13.9686 10.5813 0.650456 0 0 0
13.6887 10.8193 0.989671 0 0 0
13.4099 11.0573 1.32972 0 0 0
13.1312 11.2934 1.67107 0 0 0
12.8523 11.5199 2.01888 0 0 0
12.5736 11.7432 2.36876 0 0 0
12.2948 11.9665 2.71863 0 0 0
12.016 12.1898 3.06851 0 0 0
11.7372 12.4132 3.41838 0 0 0
11.4585 12.6365 3.76826 0 0 0
11.1797 12.8598 4.11814 0 0 0
10.9009 13.0831 4.46801 0 0 0
10.6221 13.3064 4.81789 0 0 0
10.3433 13.5297 5.16777 0 0 0
10.0645 13.7517 5.51844 0 0 0
9.78504 13.9728 5.86919 0 0 0
9.50403 14.1957 6.21756 0 0 0
9.22115 14.4203 6.56326 0 0 0
8.92726 14.6436 6.90054 0 0 0
8.62487 14.8665 7.23053 0 0 0
8.3172 15.0921 7.55374 0 0 0
8.00919 15.3185 7.876 0 0 0
7.69846 15.5436 8.19659 0 0 0
7.38029 15.7692 8.50947 0 0 0
7.05275 15.9952 8.81219 0 0 0
7.39211 15.9952 9.17939 0 0 0
7.0587 16.2207 9.47598 0 0 0
7.39102 16.2207 9.84956 0 0 0
7.0552 16.4454 10.1441 0 0 0
7.3849 16.4454 10.52 0 0 0
7.0477 16.6687 10.814 0 0 0
7.37627 16.6687 11.1909 0 0 0
7.036 16.8893 11.4833 0 0 0
7.36193 16.8893 11.8625 0 0 0
7.0163 17.1041 12.153 0 0 0
7.33804 17.1041 12.5358 0 0 0
6.98592 17.3121 12.8235 0 0 0
7.30226 17.3121 13.2107 0 0 0
6.93917 17.5114 13.4907 0 0 0
7.24455 17.5114 13.8866 0 0 0
6.87461 17.7061 14.1609 0 0 0
7.17242 17.7061 14.5626 0 0 0
6.79593 17.8966 14.8308 0 0 0
7.08604 17.8966 15.238 0 0 0
6.70642 18.0858 15.5028 0 0 0
6.99245 18.0858 15.9129 0 0 0
6.6073 18.2717 16.1719 0 0 0
6.88632 18.2717 16.5868 0 0 0
6.49629 18.4553 16.8401 0 0 0
6.76863 18.4553 17.2595 0 0 0
6.3711 18.6343 17.5043 0 0 0
6.6333 18.6343 17.93 0 0 0
6.22448 18.8048 18.1619 0 0 0
6.47119 18.8048 18.5968 0 0 0
6.05573 18.9701 18.8206 0 0 0
6.29282 18.9701 19.2608 0 0 0
5.87066 19.1307 19.4753 0 0 0
6.09711 19.1307 19.921 0 0 0
5.66418 19.2842 20.1186 0 0 0
5.87171 19.2842 20.5735 0 0 0
5.43356 19.4343 20.7618 0 0 0
5.63104 19.4343 21.2212 0 0 0
5.18798 19.5821 21.3997 0 0 0
4.74334 19.7299 21.5742 0 0 0
4.29697 19.8776 21.7443 0 0 0
3.84992 20.0254 21.9125 0 0 0
3.40122 20.1732 22.0763 0 0 0
2.9504 20.3214 22.2338 0 0 0
2.49879 20.4701 22.3885 0 0 0
2.04609 20.6198 22.539 0 0 0
1.59104 20.7704 22.6813 0 0 0
1.13408 20.9229 22.8152 0 0 0
0.675531 21.0778 22.9406 0 0 0
0.215204 21.2351 23.0562 0 0 0
-0.246389 21.3934 23.1653 0 0 0
-0.709816 21.5521 23.2655 0 0 0
-1.1768 21.7108 23.3476 0 0 0
-1.64694 21.8685 23.4115 0 0 0
-2.11827 22.0263 23.4659 0 0 0
-2.59208 22.184 23.4906 0 0 0
-3.06538 22.3418 23.4574 0 0 0
-3.53392 22.5005 23.3847 0 0 0
-3.99149 22.6644 23.2674 0 0 0
-4.4463 22.8293 23.141 0 0 0
-4.8993 22.9941 23.0083 0 0 0
-5.35177 23.159 22.8738 0 0 0
-5.8041 23.3238 22.7388 0 0 0
-6.25577 23.4882 22.6011 0 0 0
-6.70295 23.6536 22.4504 0 0 0
-7.14167 23.8236 22.2813 0 0 0
-7.5717 23.9983 22.0954 0 0 0
-7.99235 24.1777 21.8933 0 0 0
-8.413 24.3571 21.6911 0 0 0
-8.83288 24.537 21.4878 0 0 0
-9.25276 24.7169 21.2844 0 0 0
-9.67264 24.8968 21.0811 0 0 0
-10.0925 25.0766 20.8778 0 0 0
-10.5121 25.2574 20.6746 0 0 0
-10.9326 25.4401 20.4751 0 0 0
-11.3557 25.6237 20.2821 0 0 0
-11.7857 25.8083 20.1058 0 0 0
-12.2295 25.9928 19.9681 0 0 0
-12.3777 25.9928 20.4456 0 0 0
-12.8259 26.1773 20.3225 0 0 0
-12.9583 26.1773 20.8047 0 0 0
-13.41 26.3618 20.6956 0 0 0
-13.5274 26.3618 21.1816 0 0 0
-13.9849 26.5468 21.1012 0 0 0
-14.0714 26.5468 21.5937 0 0 0
-14.532 26.7318 21.5335 0 0 0
-14.5968 26.7318 22.0292 0 0 0
-15.0596 26.9168 21.9894 0 0 0
-15.1026 26.9168 22.4875 0 0 0
-15.567 27.1018 22.4792 0 0 0
-15.576 27.1018 22.9791 0 0 0
-16.0402 27.2868 22.9963 0 0 0
-16.0217 27.2868 23.4959 0 0 0
-16.4823 27.4718 23.5557 0 0 0
-16.418 27.4718 24.0515 0 0 0
-16.8733 27.6568 24.1438 0 0 0
-16.7739 27.6568 24.6339 0 0 0
-17.2212 27.8418 24.7591 0 0 0
-17.0864 27.8418 25.2406 0 0 0
-17.5234 28.0268 25.3981 0 0 0
-17.3538 28.0268 25.8685 0 0 0
-17.7743 28.2118 26.0659 0 0 0
-17.5618 28.2118 26.5185 0 0 0
-17.9738 28.3968 26.733 0 0 0
-17.7429 28.3968 27.1765 0 0 0
-18.1438 28.5827 27.4104 0 0 0
-17.8919 28.5827 27.8423 0 0 0
-18.2822 28.7686 28.0935 0 0 0
-18.0115 28.7686 28.5139 0 0 0
-18.3852 28.9546 28.7893 0 0 0
-18.0886 28.9546 29.1918 0 0 0
-18.4506 29.1396 29.4828 0 0 0
-18.1374 29.1396 29.8725 0 0 0
-18.4795 29.3222 30.1881 0 0 0
-18.1405 29.3222 30.5556 0 0 0
-18.4601 29.5035 30.8947 0 0 0
-18.0963 29.5035 31.2377 0 0 0
-17.7138 29.5035 31.5597 0 0 0
-17.3053 29.5035 31.8481 0 0 0
-16.884 29.5035 32.1174 0 0 0
-16.4483 29.5035 32.3627 0 0 0
-16.0027 29.5035 32.5895 0 0 0
-15.5507 29.5035 32.8032 0 0 0
-15.0867 29.5035 32.9895 0 0 0
-14.6093 29.5035 33.1381 0 0 0
-14.1266 29.5035 33.2685 0 0 0
-13.6338 29.5035 33.353 0 0 0
-13.1353 29.5035 33.3908 0 0 0
-12.6359 29.5035 33.4162 0 0 0
-12.1362 29.5035 33.4331 0 0 0
-11.6363 29.5035 33.445 0 0 0
-11.1363 29.5035 33.4489 0 0 0
-10.6364 29.5035 33.4448 0 0 0
-10.1365 29.5035 33.4332 0 0 0
-9.63703 29.5035 33.4101 0 0 0
-9.13774 29.5035 33.3835 0 0 0
-8.63873 29.5035 33.3519 0 0 0
-8.14004 29.5035 33.3158 0 0 0
-7.64194 29.5035 33.2722 0 0 0
-7.14465 29.5035 33.2202 0 0 0
-6.64857 29.5035 33.1578 0 0 0
-6.1532 29.5035 33.0899 0 0 0
-5.65952 29.5035 33.0106 0 0 0
-5.16701 29.5035 32.9244 0 0 0
-4.67719 29.5035 32.824 0 0 0
-4.18938 29.5035 32.7143 0 0 0
-3.7019 29.5035 32.6031 0 0 0
-3.21464 29.5035 32.491 0 0 0
-2.72794 29.5035 32.3764 0 0 0
-2.24218 29.5035 32.2579 0 0 0
-1.75702 29.5035 32.137 0 0 0
-1.64642 29.7174 32.5752 0 0 0
-1.16162 29.7174 32.4529 0 0 0
-1.05103 29.9313 32.8911 0 0 0
-0.566227 29.9313 32.7687 0 0 0
-0.454807 30.1456 33.2065 0 0 0
0.0297456 30.1456 33.0832 0 0 0
0.142863 30.3604 33.5203 0 0 0
0.626918 30.3604 33.395 0 0 0
0.740472 30.5751 33.832 0 0 0
1.2244 30.5751 33.7063 0 0 0
1.33796 30.7899 34.1433 0 0 0
1.82189 30.7899 34.0175 0 0 0
1.93544 31.0047 34.4545 0 0 0
2.41937 31.0047 34.3288 0 0 0
2.53292 31.2195 34.7658 0 0 0
3.01685 31.2195 34.6401 0 0 0
3.13041 31.4343 35.0771 0 0 0
3.61434 31.4343 34.9513 0 0 0
3.72789 31.649 35.3883 0 0 0
4.21182 31.649 35.2626 0 0 0
4.32538 31.8638 35.6996 0 0 0
4.80931 31.8638 35.5738 0 0 0
4.92286 32.0786 36.0108 0 0 0
5.03641 32.2934 36.4479 0 0 0
5.14997 32.5081 36.8849 0 0 0
5.26352 32.7229 37.3219 0 0 0
5.37708 32.9377 37.7589 0 0 0
5.49063 33.1525 38.1959 0 0 0
5.60419 33.3673 38.6329 0 0 0
5.71774 33.582 39.0699 0 0 0
5.8313 33.7968 39.5069 0 0 0
5.94485 34.0116 39.9439 0 0 0
6.0584 34.2264 40.3809 0 0 0
6.17196 34.4412 40.8179 0 0 0
6.28551 34.6559 41.2549 0 0 0
6.39907 34.8707 41.6919 0 0 0
6.51262 35.0855 42.129 0 0 0
6.62618 35.3003 42.566 0 0 0
6.73973 35.515 43.003 0 0 0
6.85329 35.7298 43.44 0 0 0